A,AZGA,SUPREME LEADER AIRPORT,50.103808,3.506875,453,5000,0,11500,0
R,29,288,2132,98,0,0.000,288,50.109976,3.507707,439,3.00,40,1,0
R,11,108,2132,98,0,0.000,288,50.111868,3.499621,439,3.00,40,1,0
R,33L,328,11586,164,1,109.500,328,50.08568,3.509942,436,3.00,50,1,0
R,15R,148,11586,164,1,108.500,148,50.112356,3.486014,435,3.00,50,1,0
R,33R,328,8202,295,1,110.750,328,50.093447,3.508394,431,3.00,50,1,0
R,15L,148,8202,295,1,111.500,118,50.112071,3.491703,418,3.00,50,1,0
L,33L,COLC,AZGA ILS/CAT III,109.500,50.088314,3.507586,328.00,2.0,50.113589,3.484898,417,3.00,3
L,15R,HOLD,AZGA ILS/CAT III,108.500,50.109723,3.488370,148.00,2.0,50.084280,3.511186,417,3.00,3
L,33R,VINC,AZGA ILS/CAT III,110.75,50.096022,3.506086,328.00,2.0,50.113543,3.490331,432,3.00,3
L,15L,DAMO,AZGA ILS/CAT III,111.50,50.109461,3.494022,148.00,2.0,50.092187,3.509551,432,3.00,3
