STAR,MEGAN1,15,2
IF,LUDOV,49.912498,2.840000, ,0.0,0.0,0,0,0,0,0,0,0,0, 
TF,ADIBO,50.188332,2.819167,0, ,0.0,0.0,0.0,0.0,2,15000,0,0,0,0,0,0, 
TF,ZEBLO,50.419723,2.969444,0, ,0.0,0.0,0.0,0.0,2,11000,0,0,0,0,0,0, 

STAR,NATHA3,33,2
IF,LUDOV,49.912498,2.840000, ,0.0,0.0,0,0,0,0,0,0,0,0, 
TF,KNAKI,49.514805,3.033277,0, ,0.0,0.0,0.0,0.0,2,25000,0,0,0,0,0,0, 
TF,DIDRL,49.268612,3.683056,0, ,0.0,0.0,0.0,0.0,2,18000,0,0,0,0,0,0, 

STAR,SYLVR1,15,2
IF,AZGAR,50.006668,4.586666, ,0.0,0.0,0,0,0,0,0,0,0,0, 
TF,LUKYN,50.354999,3.793333,0, ,0.0,0.0,0.0,0.0,2,15000,0,0,0,0,0,0, 
TF,TWENT,50.545833,3.496944,0, ,0.0,0.0,0.0,0.0,2,10000,0,0,0,0,0,0, 

STAR,ELLIO3,33,2
IF,AZGAR,50.006668,4.586666, ,0.0,0.0,0,0,0,0,0,0,0,0, 
TF,PYRAX,49.596390,4.357500,0, ,0.0,0.0,0.0,0.0,2,16000,0,0,0,0,0,0, 
